WFD 16-206 tip, m=0.014 p=0.60
 1.00004190  0.00059854
 0.99998076  0.00061082
 0.99979738  0.00064765
 0.99949179  0.00070902
 0.99906405  0.00079488
 0.99851428  0.00090520
 0.99784259  0.00103990
 0.99704914  0.00119891
 0.99613411  0.00138215
 0.99509772  0.00158950
 0.99394020  0.00182085
 0.99266181  0.00207607
 0.99126286  0.00235502
 0.98974366  0.00265754
 0.98810457  0.00298345
 0.98634596  0.00333259
 0.98446823  0.00370473
 0.98247182  0.00409969
 0.98035720  0.00451724
 0.97812484  0.00495715
 0.97577526  0.00541916
 0.97330901  0.00590302
 0.97072664  0.00640846
 0.96802877  0.00693521
 0.96521601  0.00748296
 0.96228902  0.00805141
 0.95924846  0.00864025
 0.95609504  0.00924916
 0.95282950  0.00987779
 0.94945144  0.01050710
 0.94595992  0.01110755
 0.94235857  0.01172458
 0.93864825  0.01235782
 0.93482981  0.01300690
 0.93090416  0.01367145
 0.92687221  0.01435109
 0.92273491  0.01504542
 0.91849323  0.01575406
 0.91414816  0.01647658
 0.90970072  0.01721259
 0.90515197  0.01796165
 0.90050274  0.01871921
 0.89574809  0.01936750
 0.89089549  0.02002498
 0.88594608  0.02069125
 0.88090104  0.02136590
 0.87576159  0.02204849
 0.87052894  0.02273862
 0.86520435  0.02343587
 0.85978908  0.02413980
 0.85428443  0.02484999
 0.84869171  0.02556601
 0.84301227  0.02628743
 0.83724745  0.02701381
 0.83139864  0.02774473
 0.82546724  0.02847975
 0.81945467  0.02921843
 0.81336238  0.02996034
 0.80719181  0.03070505
 0.80094447  0.03145213
 0.79461553  0.03201559
 0.78821297  0.03257195
 0.78173855  0.03312722
 0.77519384  0.03368103
 0.76858043  0.03423299
 0.76189994  0.03478274
 0.75515399  0.03532992
 0.74834421  0.03587416
 0.74147226  0.03641511
 0.73453981  0.03695242
 0.72754856  0.03748572
 0.72050021  0.03801470
 0.71339646  0.03853900
 0.70623906  0.03905831
 0.69902912  0.03953607
 0.69176676  0.03986073
 0.68445648  0.04017823
 0.67710005  0.04048831
 0.66969930  0.04079074
 0.66225603  0.04108525
 0.65477207  0.04137163
 0.64724927  0.04164964
 0.63968947  0.04191906
 0.63209452  0.04217970
 0.62446629  0.04243135
 0.61680667  0.04267383
 0.60911752  0.04290694
 0.60140075  0.04313053
 0.59367632  0.04322082
 0.58593258  0.04327882
 0.57816751  0.04333230
 0.57038301  0.04338123
 0.56258102  0.04342554
 0.55476344  0.04346520
 0.54693223  0.04350018
 0.53908929  0.04353044
 0.53123657  0.04355596
 0.52337602  0.04357671
 0.51550955  0.04359268
 0.50763912  0.04360384
 0.49976667  0.04361020
 0.49189517  0.04348924
 0.48402568  0.04336351
 0.47616015  0.04323303
 0.46830051  0.04309785
 0.46044870  0.04295803
 0.45260667  0.04281360
 0.44477634  0.04266462
 0.43695965  0.04251115
 0.42915852  0.04235326
 0.42137488  0.04219102
 0.41361065  0.04202450
 0.40586775  0.04185377
 0.39814840  0.04165872
 0.39045569  0.04136853
 0.38279015  0.04107478
 0.37515366  0.04077760
 0.36754810  0.04047713
 0.35997535  0.04017348
 0.35243728  0.03986679
 0.34493573  0.03955720
 0.33747257  0.03924486
 0.33004962  0.03892990
 0.32266871  0.03861248
 0.31533168  0.03829275
 0.30804031  0.03797086
 0.30079641  0.03764697
 0.29360393  0.03722974
 0.28646311  0.03678897
 0.27937518  0.03634753
 0.27234187  0.03590562
 0.26536492  0.03546344
 0.25844603  0.03502120
 0.25158692  0.03457908
 0.24478926  0.03413731
 0.23805472  0.03369609
 0.23138496  0.03325562
 0.22478162  0.03281612
 0.21824632  0.03237779
 0.21178066  0.03194086
 0.20538622  0.03150554
 0.19906469  0.03106882
 0.19282043  0.03054187
 0.18665211  0.03001833
 0.18056124  0.02949844
 0.17454930  0.02898244
 0.16861778  0.02847057
 0.16276812  0.02796305
 0.15700176  0.02746015
 0.15132010  0.02696207
 0.14572637  0.02641723
 0.14022116  0.02584915
 0.13480479  0.02528791
 0.12947856  0.02473376
 0.12424379  0.02418695
 0.11910175  0.02364772
 0.11405369  0.02311632
 0.10910084  0.02259299
 0.10424441  0.02207798
 0.09948559  0.02157151
 0.09482863  0.02099453
 0.09027167  0.02042555
 0.08581571  0.01986759
 0.08146181  0.01932089
 0.07721105  0.01878569
 0.07306548  0.01823689
 0.06902726  0.01764767
 0.06509515  0.01707268
 0.06127010  0.01651216
 0.05755303  0.01596633
 0.05394484  0.01543544
 0.05044641  0.01491970
 0.04706234  0.01433156
 0.04379111  0.01372720
 0.04063196  0.01314271
 0.03758565  0.01257833
 0.03465291  0.01203427
 0.03183444  0.01151074
 0.02913091  0.01100796
 0.02654298  0.01052611
 0.02407279  0.01003119
 0.02172477  0.00943847
 0.01949381  0.00887486
 0.01738046  0.00834056
 0.01538520  0.00783577
 0.01350851  0.00736067
 0.01175733  0.00677292
 0.01014265  0.00584379
 0.00864616  0.00498239
 0.00726819  0.00418896
 0.00600905  0.00346374
 0.00486900  0.00280694
 0.00384829  0.00221876
 0.00294714  0.00169937
 0.00216576  0.00124891
 0.00150430  0.00086754
 0.00096291  0.00055535
 0.00054170  0.00031244
 0.00024078  0.00013888
 0.00006020  0.00003472
 0.00000000  0.00000000
 0.00006317 -0.00002897
 0.00025266 -0.00011586
 0.00056842 -0.00026065
 0.00101037 -0.00046334
 0.00157837 -0.00072386
 0.00227228 -0.00104219
 0.00309190 -0.00141825
 0.00403701 -0.00185199
 0.00510734 -0.00234332
 0.00630261 -0.00289215
 0.00762248 -0.00349838
 0.00906659 -0.00416190
 0.01063454 -0.00488259
 0.01232591 -0.00566031
 0.01412157 -0.00608611
 0.01603164 -0.00638885
 0.01806212 -0.00671100
 0.02021250 -0.00705255
 0.02248222 -0.00741347
 0.02487069 -0.00779374
 0.02737166 -0.00806661
 0.02998832 -0.00831702
 0.03272153 -0.00857916
 0.03557061 -0.00885306
 0.03853482 -0.00913870
 0.04161342 -0.00943612
 0.04480562 -0.00974531
 0.04811061 -0.01006628
 0.05152602 -0.01036318
 0.05504863 -0.01058007
 0.05868134 -0.01080477
 0.06242322 -0.01103730
 0.06627333 -0.01127772
 0.07023071 -0.01152605
 0.07429435 -0.01178233
 0.07846102 -0.01199220
 0.08273083 -0.01218277
 0.08710372 -0.01237943
 0.09157861 -0.01258223
 0.09615437 -0.01279122
 0.10082975 -0.01300369
 0.10560057 -0.01314144
 0.11046875 -0.01328384
 0.11543307 -0.01343096
 0.12049228 -0.01358288
 0.12564514 -0.01373966
 0.13089034 -0.01390139
 0.13622659 -0.01406813
 0.14165254 -0.01423996
 0.14716685 -0.01441695
 0.15276710 -0.01456935
 0.15845113 -0.01467394
 0.16421936 -0.01478265
 0.17007035 -0.01489558
 0.17600265 -0.01501281
 0.18201477 -0.01513442
 0.18810523 -0.01526049
 0.19427251 -0.01539111
 0.20051508 -0.01552634
 0.20682852 -0.01557287
 0.21321409 -0.01561984
 0.21967031 -0.01567057
 0.22619556 -0.01572513
 0.23278824 -0.01578364
 0.23944672 -0.01584617
 0.24616933 -0.01591281
 0.25295442 -0.01598364
 0.25980030 -0.01605874
 0.26670527 -0.01613820
 0.27366763 -0.01622208
 0.28068565 -0.01631046
 0.28775760 -0.01640341
 0.29488171 -0.01650098
 0.30205570 -0.01658058
 0.30927626 -0.01657264
 0.31654377 -0.01656875
 0.32385644 -0.01656898
 0.33121246 -0.01657343
 0.33861002 -0.01658215
 0.34604727 -0.01659523
 0.35352240 -0.01661271
 0.36103354 -0.01663466
 0.36857885 -0.01666115
 0.37615645 -0.01669221
 0.38376449 -0.01672790
 0.39140106 -0.01676827
 0.39906430 -0.01681334
 0.40675093 -0.01677169
 0.41446025 -0.01671427
 0.42219065 -0.01666135
 0.42994025 -0.01661297
 0.43770712 -0.01656919
 0.44548935 -0.01653003
 0.45328502 -0.01649553
 0.46109220 -0.01646574
 0.46890897 -0.01644067
 0.47673340 -0.01642034
 0.48456356 -0.01640477
 0.49239751 -0.01639399
 0.50023333 -0.01638798
 0.50806819 -0.01626425
 0.51590121 -0.01614533
 0.52373044 -0.01603125
 0.53155394 -0.01592203
 0.53936981 -0.01581768
 0.54717609 -0.01571822
 0.55497087 -0.01562364
 0.56275222 -0.01553395
 0.57051822 -0.01544914
 0.57826696 -0.01536921
 0.58599652 -0.01529414
 0.59370500 -0.01522391
 0.60138654 -0.01513087
 0.60902572 -0.01492134
 0.61663870 -0.01472277
 0.62422359 -0.01453507
 0.63177853 -0.01435819
 0.63930164 -0.01419205
 0.64679105 -0.01403654
 0.65424492 -0.01389158
 0.66166139 -0.01375705
 0.66903862 -0.01363284
 0.67637479 -0.01351883
 0.68366808 -0.01341486
 0.69091667 -0.01332081
 0.69811877 -0.01323651
 0.70527530 -0.01301561
 0.71238283 -0.01276922
 0.71943896 -0.01253342
 0.72644194 -0.01230809
 0.73339000 -0.01209307
 0.74028142 -0.01188821
 0.74711446 -0.01169336
 0.75388743 -0.01150834
 0.76059862 -0.01133298
 0.76724636 -0.01116710
 0.77382898 -0.01101052
 0.78034483 -0.01086304
 0.78679228 -0.01072447
 0.79316972 -0.01059460
 0.79947576 -0.01046685
 0.80571524 -0.01016409
 0.81188028 -0.00987171
 0.81796932 -0.00958954
 0.82398081 -0.00931740
 0.82991322 -0.00905511
 0.83576506 -0.00880247
 0.84153484 -0.00855931
 0.84722108 -0.00832542
 0.85282235 -0.00810062
 0.85833722 -0.00788470
 0.86376428 -0.00767746
 0.86910215 -0.00747870
 0.87434948 -0.00728821
 0.87950492 -0.00710579
 0.88456717 -0.00693124
 0.88953492 -0.00676433
 0.89440692 -0.00660488
 0.89918192 -0.00645265
 0.90386503 -0.00618860
 0.90844899 -0.00592986
 0.91293242 -0.00568040
 0.91731413 -0.00544004
 0.92159301 -0.00520861
 0.92576795 -0.00498593
 0.92983786 -0.00477183
 0.93380170 -0.00456613
 0.93765843 -0.00436866
 0.94140706 -0.00417926
 0.94504661 -0.00399774
 0.94857614 -0.00382395
 0.95199755 -0.00361196
 0.95530823 -0.00339080
 0.95850617 -0.00317901
 0.96159052 -0.00297648
 0.96456047 -0.00278306
 0.96741526 -0.00259862
 0.97015412 -0.00242303
 0.97277635 -0.00225617
 0.97528126 -0.00209791
 0.97766818 -0.00194816
 0.97993649 -0.00180678
 0.98208559 -0.00167367
 0.98411493 -0.00154874
 0.98602396 -0.00143188
 0.98781219 -0.00132300
 0.98947915 -0.00122202
 0.99102439 -0.00112886
 0.99244751 -0.00104343
 0.99374814 -0.00096567
 0.99492594 -0.00089551
 0.99598059 -0.00083290
 0.99691182 -0.00077778
 0.99771938 -0.00073010
 0.99840306 -0.00068983
 0.99896268 -0.00065692
 0.99939809 -0.00063136
 0.99970918 -0.00061312
 0.99989587 -0.00060218
 0.99995810 -0.00059854
