WFD 16-209 mid, m=0.018 p=0.55
 1.00007177  0.00089713
 1.00001104  0.00091414
 0.99982887  0.00096514
 0.99952530  0.00105011
 0.99910039  0.00116902
 0.99855447  0.00132472
 0.99788753  0.00151552
 0.99709968  0.00174079
 0.99619108  0.00200043
 0.99516185  0.00229308
 0.99401224  0.00261905
 0.99274255  0.00297876
 0.99135306  0.00337205
 0.98984399  0.00379751
 0.98821566  0.00425480
 0.98646851  0.00474487
 0.98460294  0.00526750
 0.98261924  0.00582097
 0.98051774  0.00640339
 0.97829911  0.00701732
 0.97596385  0.00766248
 0.97351230  0.00833626
 0.97094431  0.00902899
 0.96826128  0.00975137
 0.96546383  0.01050306
 0.96255256  0.01128369
 0.95952669  0.01207309
 0.95638830  0.01288996
 0.95313810  0.01373391
 0.94977682  0.01460454
 0.94630311  0.01547155
 0.94271941  0.01635744
 0.93902694  0.01726763
 0.93522653  0.01820167
 0.93131726  0.01913266
 0.92730090  0.02007244
 0.92317925  0.02103365
 0.91895325  0.02201582
 0.91462238  0.02299532
 0.91018761  0.02397075
 0.90565149  0.02496462
 0.90101503  0.02597644
 0.89627831  0.02698925
 0.89144143  0.02798549
 0.88650753  0.02899719
 0.88147776  0.03002384
 0.87635271  0.03105523
 0.87113137  0.03205136
 0.86581779  0.03305989
 0.86041319  0.03408031
 0.85491885  0.03511210
 0.84933284  0.03609382
 0.84365974  0.03708492
 0.83790092  0.03808492
 0.83205771  0.03909333
 0.82612863  0.04005067
 0.82011747  0.04100268
 0.81402624  0.04196063
 0.80785639  0.04292402
 0.80160721  0.04384335
 0.79528138  0.04474189
 0.78888152  0.04564354
 0.78240916  0.04654784
 0.77586426  0.04741450
 0.76924852  0.04824256
 0.76256514  0.04907106
 0.75581574  0.04989957
 0.74900099  0.05070075
 0.74212171  0.05144680
 0.73518150  0.05219086
 0.72818205  0.05293251
 0.72112464  0.05365764
 0.71400942  0.05431025
 0.70684028  0.05495867
 0.69961897  0.05560253
 0.69234725  0.05624149
 0.68502489  0.05679174
 0.67765587  0.05733585
 0.67024200  0.05787352
 0.66278509  0.05840447
 0.65528576  0.05886389
 0.64774698  0.05930272
 0.64017088  0.05973359
 0.63255929  0.06015622
 0.62491339  0.06051756
 0.61723558  0.06084352
 0.60952813  0.06116026
 0.60179294  0.06146758
 0.59403163  0.06172908
 0.58624625  0.06194452
 0.57843906  0.06214981
 0.57061197  0.06234483
 0.56276687  0.06250669
 0.55490576  0.06261236
 0.54703848  0.06270755
 0.53917212  0.06279485
 0.53129588  0.06286408
 0.52341187  0.06287172
 0.51552196  0.06287201
 0.50762810  0.06286492
 0.49973224  0.06285044
 0.49183672  0.06277095
 0.48394321  0.06268410
 0.47605364  0.06258992
 0.46816997  0.06248846
 0.46029464  0.06233352
 0.45242928  0.06216222
 0.44457576  0.06198387
 0.43673599  0.06179854
 0.42891244  0.06157050
 0.42110686  0.06131789
 0.41332092  0.06105872
 0.40555656  0.06079311
 0.39781617  0.06049374
 0.39010174  0.06016081
 0.38241469  0.05982203
 0.37475693  0.05947758
 0.36713071  0.05911038
 0.35953833  0.05870350
 0.35198096  0.05829170
 0.34446044  0.05787517
 0.33697885  0.05744555
 0.32953893  0.05696894
 0.32214147  0.05648852
 0.31478829  0.05600451
 0.30748118  0.05551715
 0.30022340  0.05497780
 0.29301534  0.05443593
 0.28585878  0.05389180
 0.27875547  0.05334567
 0.27170850  0.05275675
 0.26471858  0.05215856
 0.25778716  0.05155962
 0.25091592  0.05096020
 0.24410777  0.05032713
 0.23736381  0.04967783
 0.23068509  0.04902944
 0.22407324  0.04838228
 0.21753095  0.04770957
 0.21105985  0.04701200
 0.20466046  0.04631720
 0.19833435  0.04562552
 0.19208377  0.04492021
 0.18591100  0.04418496
 0.17981610  0.04345448
 0.17380056  0.04272911
 0.16786624  0.04200023
 0.16201621  0.04123289
 0.15624989  0.04047246
 0.15056867  0.03971931
 0.14497392  0.03897376
 0.13946985  0.03817745
 0.13405496  0.03739044
 0.12873055  0.03661310
 0.12349791  0.03584578
 0.11836076  0.03504048
 0.11331837  0.03423724
 0.10837147  0.03344617
 0.10352123  0.03266764
 0.09877114  0.03185830
 0.09412120  0.03104144
 0.08957132  0.03023957
 0.08512258  0.02945304
 0.08077840  0.02864019
 0.07653977  0.02780305
 0.07240535  0.02698433
 0.06837613  0.02618437
 0.06445466  0.02537564
 0.06064343  0.02453229
 0.05694010  0.02371104
 0.05334555  0.02291224
 0.04986163  0.02211915
 0.04649319  0.02126502
 0.04323584  0.02043766
 0.04009035  0.01963739
 0.03705744  0.01886454
 0.03414606  0.01798468
 0.03134840  0.01713809
 0.02866511  0.01632510
 0.02609678  0.01554603
 0.02365096  0.01468973
 0.02132237  0.01385115
 0.01911008  0.01305373
 0.01701458  0.01229775
 0.01504396  0.01146343
 0.01319432  0.01062043
 0.01146217  0.00983047
 0.00984786  0.00909382
 0.00835868  0.00830311
 0.00699411  0.00747232
 0.00574729  0.00671289
 0.00461846  0.00602506
 0.00361455  0.00530589
 0.00274075  0.00447960
 0.00198316  0.00376300
 0.00134189  0.00315629
 0.00082612  0.00252126
 0.00046469  0.00141842
 0.00020653  0.00063048
 0.00005163  0.00015763
 0.00000000  0.00000000
 0.00007174 -0.00014956
 0.00028691 -0.00059819
 0.00064544 -0.00134580
 0.00114715 -0.00239222
 0.00174077 -0.00295480
 0.00245488 -0.00347309
 0.00329829 -0.00408540
 0.00427074 -0.00479161
 0.00535788 -0.00537503
 0.00656437 -0.00591155
 0.00789656 -0.00650426
 0.00935407 -0.00715307
 0.01092933 -0.00774670
 0.01262107 -0.00827137
 0.01443576 -0.00883463
 0.01637288 -0.00943642
 0.01842801 -0.01001525
 0.02059623 -0.01050168
 0.02288461 -0.01101575
 0.02529252 -0.01155743
 0.02781786 -0.01210355
 0.03045412 -0.01255947
 0.03320756 -0.01303660
 0.03607745 -0.01353495
 0.03906303 -0.01405451
 0.04215502 -0.01445531
 0.04536088 -0.01487214
 0.04867976 -0.01530501
 0.05211079 -0.01575396
 0.05564792 -0.01613157
 0.05929427 -0.01650493
 0.06304989 -0.01689120
 0.06691383 -0.01729043
 0.07088184 -0.01764628
 0.07495448 -0.01798502
 0.07913231 -0.01833461
 0.08341424 -0.01869513
 0.08779684 -0.01902430
 0.09227897 -0.01932053
 0.09686181 -0.01962593
 0.10154420 -0.01994059
 0.10632376 -0.02024246
 0.11119812 -0.02050871
 0.11616838 -0.02078315
 0.12123328 -0.02106589
 0.12639102 -0.02134726
 0.13163835 -0.02158772
 0.13697641 -0.02183573
 0.14240385 -0.02209142
 0.14791930 -0.02235490
 0.15351853 -0.02256657
 0.15920300 -0.02278528
 0.16497127 -0.02301118
 0.17082190 -0.02324440
 0.17675139 -0.02344003
 0.18275991 -0.02363348
 0.18884635 -0.02383386
 0.19500918 -0.02404129
 0.20124543 -0.02422154
 0.20755429 -0.02439137
 0.21393490 -0.02456799
 0.22038568 -0.02475152
 0.22690394 -0.02491476
 0.23348812 -0.02505748
 0.24013763 -0.02520689
 0.24685082 -0.02536311
 0.25362541 -0.02550942
 0.26045917 -0.02562883
 0.26735160 -0.02575492
 0.27430100 -0.02588782
 0.28130536 -0.02601942
 0.28836193 -0.02611657
 0.29547030 -0.02622047
 0.30262871 -0.02633120
 0.30983538 -0.02644889
 0.31708716 -0.02652440
 0.32438368 -0.02660671
 0.33172315 -0.02669594
 0.33910373 -0.02679218
 0.34652256 -0.02685254
 0.35397872 -0.02691124
 0.36147056 -0.02697692
 0.36899624 -0.02704966
 0.37655318 -0.02709497
 0.38413994 -0.02713004
 0.39175502 -0.02717217
 0.39939654 -0.02722141
 0.40706213 -0.02725027
 0.41474998 -0.02725875
 0.42245868 -0.02727434
 0.43018633 -0.02729711
 0.43793077 -0.02730920
 0.44568993 -0.02729261
 0.45346240 -0.02728322
 0.46124626 -0.02728105
 0.46903951 -0.02727691
 0.47683991 -0.02723377
 0.48464604 -0.02719788
 0.49245596 -0.02716928
 0.50026776 -0.02714796
 0.50807922 -0.02707631
 0.51588880 -0.02701198
 0.52369458 -0.02695496
 0.53149464 -0.02690527
 0.53928697 -0.02680866
 0.54706983 -0.02670858
 0.55482855 -0.02661657
 0.56256636 -0.02653521
 0.57028926 -0.02641918
 0.57799540 -0.02629136
 0.58568285 -0.02617446
 0.59334969 -0.02606843
 0.60099435 -0.02593714
 0.60861511 -0.02578061
 0.61620979 -0.02563498
 0.62377650 -0.02550017
 0.63131376 -0.02534975
 0.63882023 -0.02515749
 0.64629334 -0.02497613
 0.65373124 -0.02480558
 0.66113233 -0.02463287
 0.66849592 -0.02440667
 0.67581897 -0.02419138
 0.68309967 -0.02398688
 0.69033619 -0.02379304
 0.69752892 -0.02352684
 0.70467407 -0.02327161
 0.71176987 -0.02302724
 0.71881453 -0.02279358
 0.72580845 -0.02250181
 0.73274831 -0.02220740
 0.73963197 -0.02192395
 0.74645768 -0.02165131
 0.75322568 -0.02133578
 0.75993342 -0.02100462
 0.76657827 -0.02068456
 0.77315855 -0.02037546
 0.77967422 -0.02003766
 0.78612374 -0.01967154
 0.79250388 -0.01931675
 0.79881302 -0.01897314
 0.80505066 -0.01861619
 0.81121642 -0.01822196
 0.81730652 -0.01783933
 0.82331942 -0.01746814
 0.82925415 -0.01709648
 0.83511160 -0.01667796
 0.84088736 -0.01627138
 0.84657996 -0.01587658
 0.85218793 -0.01549337
 0.85771311 -0.01506164
 0.86315084 -0.01464218
 0.86849972 -0.01423483
 0.87375836 -0.01383942
 0.87892821 -0.01340766
 0.88400571 -0.01297887
 0.88898897 -0.01256262
 0.89387670 -0.01215876
 0.89866963 -0.01173460
 0.90336551 -0.01130706
 0.90796210 -0.01089248
 0.91245820 -0.01049070
 0.91685411 -0.01007859
 0.92114868 -0.00965694
 0.92533927 -0.00924876
 0.92942477 -0.00885392
 0.93340498 -0.00845920
 0.93727974 -0.00805216
 0.94104622 -0.00765915
 0.94470341 -0.00728005
 0.94825075 -0.00690889
 0.95168895 -0.00652265
 0.95501497 -0.00615108
 0.95822794 -0.00579410
 0.96132697 -0.00545158
 0.96431266 -0.00510435
 0.96718275 -0.00477211
 0.96993646 -0.00445479
 0.97257306 -0.00415228
 0.97509267 -0.00385346
 0.97749391 -0.00356762
 0.97977595 -0.00329695
 0.98193817 -0.00304139
 0.98398022 -0.00279802
 0.98590141 -0.00256840
 0.98770111 -0.00235392
 0.98937882 -0.00215452
 0.99093419 -0.00196897
 0.99236678 -0.00179736
 0.99367610 -0.00164086
 0.99486181 -0.00149940
 0.99592362 -0.00137236
 0.99686128 -0.00125928
 0.99767444 -0.00116135
 0.99836287 -0.00107853
 0.99892634 -0.00101133
 0.99936458 -0.00096135
 0.99967769 -0.00092567
 0.99986559 -0.00090427
 0.99992823 -0.00089713
