WFD 16-212 root, m=0.020 p=0.50
 1.00009569  0.00119618
 1.00003527  0.00121704
 0.99985402  0.00127961
 0.99955198  0.00138387
 0.99912921  0.00152977
 0.99858581  0.00171726
 0.99792188  0.00194625
 0.99713759  0.00221665
 0.99623309  0.00252835
 0.99520858  0.00288122
 0.99406428  0.00327511
 0.99280044  0.00370986
 0.99141733  0.00418530
 0.98991526  0.00470122
 0.98829454  0.00525741
 0.98655553  0.00585364
 0.98469860  0.00648967
 0.98272415  0.00716523
 0.98063262  0.00788006
 0.97842446  0.00863384
 0.97610014  0.00942629
 0.97366018  0.01025706
 0.97110509  0.01112583
 0.96843545  0.01203223
 0.96565182  0.01297590
 0.96275481  0.01395645
 0.95974507  0.01497349
 0.95662323  0.01602660
 0.95338999  0.01711536
 0.95004332  0.01820136
 0.94657979  0.01922491
 0.94300692  0.02027851
 0.93932549  0.02136170
 0.93553632  0.02247404
 0.93164027  0.02361504
 0.92763821  0.02478425
 0.92353103  0.02598115
 0.91931965  0.02720526
 0.91500503  0.02845607
 0.91058814  0.02973305
 0.90606996  0.03103568
 0.90145098  0.03235521
 0.89671763  0.03345928
 0.89188618  0.03458226
 0.88695776  0.03572364
 0.88193350  0.03688293
 0.87681457  0.03805960
 0.87160215  0.03925313
 0.86629746  0.04046301
 0.86090171  0.04168870
 0.85541617  0.04292967
 0.84984212  0.04418539
 0.84418083  0.04545531
 0.83843365  0.04673888
 0.83260189  0.04803556
 0.82668694  0.04934481
 0.82069016  0.05066605
 0.81461297  0.05199875
 0.80845677  0.05334233
 0.80222303  0.05469625
 0.79589563  0.05568659
 0.78949359  0.05666883
 0.78301906  0.05765535
 0.77647358  0.05864569
 0.76985873  0.05963938
 0.76317609  0.06063598
 0.75642727  0.06163502
 0.74961389  0.06263604
 0.74273758  0.06363860
 0.73579999  0.06464225
 0.72880281  0.06564655
 0.72174771  0.06665104
 0.71463640  0.06765531
 0.70747059  0.06865890
 0.70024972  0.06958957
 0.69296904  0.07022622
 0.68563988  0.07085854
 0.67826401  0.07148619
 0.67084325  0.07210888
 0.66337940  0.07272628
 0.65587430  0.07333811
 0.64832978  0.07394406
 0.64074768  0.07454386
 0.63312986  0.07513722
 0.62547819  0.07572387
 0.61779454  0.07630355
 0.61008080  0.07687601
 0.60233885  0.07744100
 0.59456682  0.07774530
 0.58677022  0.07798485
 0.57895191  0.07821538
 0.57111380  0.07843676
 0.56325782  0.07864887
 0.55538591  0.07885158
 0.54750002  0.07904480
 0.53960208  0.07922843
 0.53169405  0.07940237
 0.52377787  0.07956657
 0.51585550  0.07972094
 0.50792889  0.07986543
 0.50000000  0.08000000
 0.49207109  0.07988114
 0.48414442  0.07975235
 0.47622195  0.07961367
 0.46830564  0.07946516
 0.46039743  0.07930688
 0.45249927  0.07913891
 0.44461312  0.07896131
 0.43674092  0.07877420
 0.42888462  0.07857766
 0.42104613  0.07837181
 0.41322741  0.07815676
 0.40543038  0.07793266
 0.39765761  0.07765881
 0.38991368  0.07719208
 0.38219773  0.07671753
 0.37451163  0.07623539
 0.36685729  0.07574587
 0.35923658  0.07524923
 0.35165137  0.07474570
 0.34410351  0.07423554
 0.33659487  0.07371902
 0.32912728  0.07319640
 0.32170257  0.07266796
 0.31432256  0.07213398
 0.30698906  0.07159476
 0.29970386  0.07105058
 0.29247471  0.07032051
 0.28529931  0.06954281
 0.27817796  0.06876277
 0.27111241  0.06798076
 0.26410437  0.06719715
 0.25715552  0.06641234
 0.25026757  0.06562671
 0.24344218  0.06484067
 0.23668101  0.06405460
 0.22998569  0.06326891
 0.22335783  0.06248400
 0.21679905  0.06170028
 0.21031094  0.06091817
 0.20389505  0.06013807
 0.19755325  0.05935400
 0.19129578  0.05838897
 0.18511539  0.05742953
 0.17901356  0.05647613
 0.17299174  0.05552924
 0.16705138  0.05458933
 0.16119388  0.05365685
 0.15542065  0.05273227
 0.14973306  0.05181605
 0.14413845  0.05080293
 0.13863569  0.04974088
 0.13322269  0.04869122
 0.12790074  0.04765442
 0.12267107  0.04663099
 0.11753492  0.04562139
 0.11249348  0.04462611
 0.10754795  0.04364563
 0.10269948  0.04268040
 0.09794921  0.04173090
 0.09330826  0.04064281
 0.08876806  0.03956938
 0.08432930  0.03851650
 0.07999302  0.03748466
 0.07576020  0.03647431
 0.07163534  0.03543428
 0.06762329  0.03430987
 0.06371746  0.03321248
 0.05991873  0.03214256
 0.05622795  0.03110058
 0.05264595  0.03008699
 0.04917354  0.02910222
 0.04582411  0.02797241
 0.04259059  0.02680912
 0.03946856  0.02568404
 0.03645870  0.02459759
 0.03356164  0.02355021
 0.03077802  0.02254232
 0.02810844  0.02157432
 0.02555347  0.02064658
 0.02311882  0.01969164
 0.02081797  0.01854139
 0.01863236  0.01744763
 0.01656242  0.01641075
 0.01460856  0.01543112
 0.01277117  0.01450909
 0.01107285  0.01336019
 0.00955000  0.01152731
 0.00813924  0.00982805
 0.00684074  0.00826291
 0.00565465  0.00683233
 0.00458110  0.00553674
 0.00362022  0.00437652
 0.00277213  0.00335199
 0.00203692  0.00246346
 0.00141468  0.00171120
 0.00090547  0.00109540
 0.00050936  0.00061627
 0.00022639  0.00027393
 0.00005660  0.00006849
 0.00000000  0.00000000
 0.00006677 -0.00005862
 0.00026705 -0.00023447
 0.00060076 -0.00052751
 0.00106780 -0.00093770
 0.00166799 -0.00146496
 0.00240111 -0.00210921
 0.00326691 -0.00287033
 0.00426507 -0.00374818
 0.00539524 -0.00474262
 0.00665701 -0.00585346
 0.00804994 -0.00708052
 0.00957351 -0.00842358
 0.01122719 -0.00988240
 0.01301039 -0.01145673
 0.01485891 -0.01232922
 0.01680828 -0.01295725
 0.01888016 -0.01362559
 0.02107395 -0.01433419
 0.02338901 -0.01508300
 0.02582466 -0.01587198
 0.02836117 -0.01644968
 0.03101079 -0.01698458
 0.03377795 -0.01754454
 0.03666187 -0.01812959
 0.03966177 -0.01873973
 0.04277681 -0.01937498
 0.04600613 -0.02003536
 0.04934883 -0.02072089
 0.05279888 -0.02136036
 0.05634753 -0.02184269
 0.06000642 -0.02234225
 0.06377459 -0.02285909
 0.06765103 -0.02339330
 0.07163468 -0.02394495
 0.07572449 -0.02451409
 0.07991187 -0.02498989
 0.08419962 -0.02542761
 0.08859012 -0.02587899
 0.09308223 -0.02634414
 0.09767475 -0.02682315
 0.10236613 -0.02731072
 0.10714550 -0.02765420
 0.11202164 -0.02800849
 0.11699327 -0.02837374
 0.12205912 -0.02875008
 0.12721786 -0.02913765
 0.13246817 -0.02953659
 0.13780868 -0.02994703
 0.14323801 -0.03036910
 0.14875477 -0.03080293
 0.15435414 -0.03118784
 0.16003224 -0.03147646
 0.16579360 -0.03177469
 0.17163676 -0.03208267
 0.17756021 -0.03240055
 0.18356245 -0.03272850
 0.18964195 -0.03306666
 0.19579717 -0.03341517
 0.20202653 -0.03377417
 0.20831970 -0.03395773
 0.21468381 -0.03414341
 0.22111757 -0.03433779
 0.22761935 -0.03454104
 0.23418752 -0.03475332
 0.24082043 -0.03497479
 0.24751640 -0.03520559
 0.25427376 -0.03544588
 0.26109080 -0.03569580
 0.26796582 -0.03595548
 0.27489709 -0.03622505
 0.28188287 -0.03650463
 0.28892140 -0.03679433
 0.29601093 -0.03709427
 0.30314825 -0.03735964
 0.31032751 -0.03745262
 0.31755289 -0.03755461
 0.32482259 -0.03766574
 0.33213480 -0.03778614
 0.33948771 -0.03791592
 0.34687949 -0.03805520
 0.35430831 -0.03820409
 0.36177232 -0.03836267
 0.36926966 -0.03853103
 0.37679848 -0.03870925
 0.38435691 -0.03889740
 0.39194307 -0.03909554
 0.39955509 -0.03930372
 0.40718831 -0.03933713
 0.41484349 -0.03933915
 0.42251940 -0.03935068
 0.43021415 -0.03937178
 0.43792584 -0.03940253
 0.44565256 -0.03944298
 0.45339241 -0.03949316
 0.46114348 -0.03955312
 0.46890384 -0.03962287
 0.47667160 -0.03970243
 0.48444482 -0.03979182
 0.49222159 -0.03989101
 0.50000000 -0.04000000
 0.50777843 -0.03987530
 0.51555526 -0.03976041
 0.52332858 -0.03965533
 0.53109647 -0.03956008
 0.53885701 -0.03947466
 0.54660829 -0.03939906
 0.55434840 -0.03933325
 0.56207541 -0.03927721
 0.56978744 -0.03923089
 0.57748256 -0.03919425
 0.58515888 -0.03916724
 0.59281450 -0.03914977
 0.60044844 -0.03908591
 0.60806244 -0.03877947
 0.61565082 -0.03848342
 0.62321170 -0.03819774
 0.63074319 -0.03792238
 0.63824343 -0.03765730
 0.64571055 -0.03740245
 0.65314269 -0.03715777
 0.66053801 -0.03692318
 0.66789467 -0.03669861
 0.67521083 -0.03648397
 0.68248468 -0.03627916
 0.68971439 -0.03608409
 0.69689817 -0.03589863
 0.70404377 -0.03543267
 0.71114289 -0.03490683
 0.71819146 -0.03439290
 0.72518769 -0.03389084
 0.73212982 -0.03340059
 0.73901610 -0.03292207
 0.74584478 -0.03245521
 0.75261414 -0.03199994
 0.75932247 -0.03155617
 0.76596806 -0.03112380
 0.77254924 -0.03070273
 0.77906432 -0.03029286
 0.78551166 -0.02989407
 0.79188962 -0.02950625
 0.79819720 -0.02911643
 0.80445028 -0.02836854
 0.81062969 -0.02763588
 0.81673383 -0.02691842
 0.82276111 -0.02621612
 0.82870997 -0.02552890
 0.83457887 -0.02485672
 0.84036627 -0.02419950
 0.84607068 -0.02355718
 0.85169061 -0.02292967
 0.85722458 -0.02231692
 0.86267117 -0.02171882
 0.86802894 -0.02113530
 0.87329650 -0.02056626
 0.87847246 -0.02001162
 0.88355548 -0.01947127
 0.88854423 -0.01894512
 0.89343739 -0.01843308
 0.89823368 -0.01793503
 0.90294704 -0.01721602
 0.90756158 -0.01650781
 0.91207554 -0.01581856
 0.91648771 -0.01514822
 0.92079690 -0.01449674
 0.92500196 -0.01386406
 0.92910176 -0.01325012
 0.93309519 -0.01265486
 0.93698119 -0.01207824
 0.94075871 -0.01152017
 0.94442673 -0.01098061
 0.94798426 -0.01045950
 0.95143707 -0.00986384
 0.95478005 -0.00925284
 0.95800956 -0.00866443
 0.96112472 -0.00809859
 0.96412467 -0.00755527
 0.96700858 -0.00703445
 0.96977567 -0.00653609
 0.97242518 -0.00606016
 0.97495637 -0.00560663
 0.97736855 -0.00517546
 0.97966106 -0.00476661
 0.98183326 -0.00438007
 0.98388456 -0.00401580
 0.98581439 -0.00367377
 0.98762222 -0.00335395
 0.98930755 -0.00305631
 0.99086992 -0.00278083
 0.99230888 -0.00252748
 0.99362406 -0.00229624
 0.99481508 -0.00208709
 0.99588161 -0.00190001
 0.99682337 -0.00173499
 0.99764008 -0.00159200
 0.99833153 -0.00147103
 0.99889752 -0.00137207
 0.99933790 -0.00129511
 0.99965254 -0.00124015
 0.99984136 -0.00120717
 0.99990431 -0.00119618
